11
ret: 0.17727600400279533
mtx:
 [[ 533.55191915    0.          342.41354533]
 [   0.          533.66184413  232.19354412]
 [   0.            0.            1.        ]]
dist:
 [[ -2.89105819e-01   6.19884553e-02   1.32205065e-03   5.30711930e-05
    1.44498556e-01]]
rvecs:
 [array([[-0.42985979],
       [ 0.25399311],
       [-3.08900261]]), array([[ 0.41520657],
       [ 0.6545959 ],
       [-1.33720094]]), array([[-0.26304729],
       [-0.39541881],
       [-2.74809207]]), array([[-0.3761439 ],
       [-0.18231704],
       [-3.11652159]]), array([[-0.45959633],
       [-0.31734336],
       [-1.76127708]]), array([[-0.29962524],
       [ 0.3890851 ],
       [-1.43551303]]), array([[-0.31992654],
       [ 0.15669332],
       [-1.24198324]]), array([[-0.4586401 ],
       [-0.09097505],
       [-1.33564049]]), array([[-0.35304198],
       [-0.24617123],
       [-1.56898914]]), array([[ 0.30736617],
       [ 0.50196866],
       [-1.82803215]]), array([[-0.17524576],
       [-0.46787091],
       [ 1.34769501]])]
tvecs:
 [array([[  3.77296454],
       [  0.91995587],
       [ 14.85257793]]), array([[ -2.14498788],
       [  1.8629905 ],
       [ 12.79820398]]), array([[ 3.01970256],
       [ 2.76132064],
       [ 9.89196258]]), array([[  2.8046887 ],
       [  2.23969706],
       [ 10.94993335]]), array([[-1.15656506],
       [ 2.68674874],
       [ 9.54681079]]), array([[  1.5757674 ],
       [  3.83679935],
       [ 16.09941693]]), array([[ -5.97174525],
       [  2.41996046],
       [ 16.7513863 ]]), array([[ -3.29874583],
       [  2.1747882 ],
       [ 11.71343513]]), array([[ -2.91740202],
       [  2.63558382],
       [ 10.56167489]]), array([[ -1.24927665],
       [  3.5431225 ],
       [ 15.66076253]]), array([[  1.79786603],
       [ -4.24664536],
       [ 12.45644288]])]